02463d348
02463d352
02463d367
02463d370
04200d50
04200d67
04202d228
04202d251
04202d254
04202d263
04203d259
04204d64
04206d61
04206d68
04206d84
04206d89
04207d125
04207d137
04207d143
04207d148
04209d54
04209d64
04209d66
04209d74
04210d63
04210d81
04210d83
04211d232
04211d243
04212d241
04212d249
04213d181
04213d192
04213d194
04215d58
04215d63
04215d68
04215d78
04215d89
04216d42
04216d53
04216d56
04218d57
04218d61
04218d68
04219d233
04219d243
04219d254
04220d82
04220d86
04220d94
04222d233
04222d247
04222d254
04226d222
04226d234
04226d248
04228d228
04228d240
04228d246
04228d250
04230d75
04230d77
04230d85
04230d90
04234d48
04234d52
04234d59
04234d65
04234d71
04235d90
04236d78
04236d79
04236d85
04236d98
04239d196
04239d204
04239d211
04239d225
04241d58
04241d70
04241d72
04241d74
04244d39
04244d49
04244d55
04249d100
04249d102
04249d82
04249d97
04249d98
04250d22
04250d24
04251d74
04251d77
04251d79
04251d90
04253d52
04253d55
04253d76
04254d52
04254d54
04254d59
04254d76
04255d16
04255d21
04257d115
04257d93
04260d47
04260d57
04260d67
04262d53
04262d60
04262d67
04262d71
04263d64
04263d74
04266d12
04266d13
04266d14
04266d15
04266d16
04270d43
04270d49
04270d62
04273d137
04273d145
04273d147
04275d30
04275d36
04275d38
